puzzles 15
size 4x4
1 4 3 2 
3 2 4 1 
4 1 2 3 
2 3 1 4 
size 5x5
5 3 4 2 1 
2 1 5 3 4 
1 4 2 5 3 
4 5 3 1 2 
3 2 1 4 5 
size 6x6
1 6 3 5 2 4 
4 2 6 3 5 1 
6 3 5 1 4 2 
5 4 1 2 6 3 
3 5 2 4 1 6 
2 1 4 6 3 5 
size 7x7
4 5 1 2 3 7 6 
5 4 2 1 7 6 3 
1 3 6 7 2 5 4 
2 7 3 6 4 1 5 
7 1 4 5 6 3 2 
6 2 7 3 5 4 1 
3 6 5 4 1 2 7 
size 4x4
4 1 3 2 
1 4 2 3 
2 3 4 1 
3 2 1 4 
size 5x5
3 4 2 1 5 
5 3 1 4 2 
4 5 3 2 1 
2 1 5 3 4 
1 2 4 5 3 
size 6x6
5 2 3 1 6 4 
6 1 4 5 2 3 
3 6 1 4 5 2 
4 5 2 6 3 1 
1 3 6 2 4 5 
2 4 5 3 1 6 
size 7x7
2 6 5 3 4 7 1 
4 3 7 6 1 5 2 
3 5 6 1 2 4 7 
7 1 4 5 3 2 6 
6 2 1 4 7 3 5 
5 4 2 7 6 1 3 
1 7 3 2 5 6 4 
size 4x4
4 1 3 2 
1 4 2 3 
2 3 4 1 
3 2 1 4 
size 5x5
3 4 2 5 1 
4 5 1 2 3 
1 2 5 3 4 
2 3 4 1 5 
5 1 3 4 2 
size 6x6
3 4 1 5 2 6 
2 5 3 6 1 4 
1 6 2 4 3 5 
4 3 6 1 5 2 
6 2 5 3 4 1 
5 1 4 2 6 3 
size 7x7
1 5 3 2 4 6 7 
4 2 5 3 1 7 6 
3 1 7 6 2 4 5 
2 7 6 1 3 5 4 
6 4 1 5 7 2 3 
5 3 4 7 6 1 2 
7 6 2 4 5 3 1 
size 4x4
4 1 3 2 
2 3 4 1 
3 2 1 4 
1 4 2 3 
size 5x5
4 5 2 3 1 
1 3 5 4 2 
2 4 3 1 5 
5 1 4 2 3 
3 2 1 5 4 
size 7x7
6 4 5 7 3 1 2 
5 2 1 6 4 3 7 
4 3 2 5 1 7 6 
7 6 3 1 2 4 5 
3 1 6 2 7 5 4 
1 5 7 4 6 2 3 
2 7 4 3 5 6 1 
